CCSDS_OPM_VERS = 2.0
CREATION_DATE = 2022-06-08T10:19:53.760000Z
ORIGINATOR = GMV_AD
OBJECT_NAME = 99999
OBJECT_ID = 2000-000A
CENTER_NAME = EARTH
REF_FRAME = J2000
TIME_SYSTEM = UTC
EPOCH = 2021-08-04T06:03:43.000000Z
X = 30787.0945562739
Y = 28632.3906408832
Z = -506.497579703593
X_DOT = -2.13867084948910
Y_DOT = 2.45655839185549
Z_DOT = 0.454494983535227
SEMI_MAJOR_AXIS = 48939.3466641210
ECCENTRICITY = 0.144112941946563
INCLINATION = 7.99930876951745
RA_OF_ASC_NODE = 47.8410031696416
ARG_OF_PERICENTER = 340.913271749743
TRUE_ANOMALY = 14.1208611813272
GM = 398600.441500000
MASS = 1000.00000000000
SOLAR_RAD_AREA = 10.0000000000000
SOLAR_RAD_COEFF = 0.00000000000000
DRAG_AREA = 10.0000000000000
DRAG_COEFF = 0.00000000000000
COV_REF_FRAME = J2000
CX_X = 5.728531384935928E-003
CY_X = -5.409672224741769E-003
CY_Y = 5.872620450393467E-003
CZ_X = 2.327352771222709E-003
CZ_Y = 1.082553888961983E-003
CZ_Z = 1.811065443199094E-002
CX_DOT_X = 4.014364050445889E-007
CX_DOT_Y = -4.045039368954810E-007
CX_DOT_Z = 5.324707892623311E-008
CX_DOT_X_DOT = 3.309855185556407E-011
CY_DOT_X = 3.797901613471287E-007
CY_DOT_Y = -4.329935893047392E-007
CY_DOT_Z = -1.926434753756913E-007
CY_DOT_X_DOT = 2.889211170407085E-011
CY_DOT_Y_DOT = 3.276666540240571E-011
CZ_DOT_X = -3.406329206175938E-007
CZ_DOT_Y = 3.740090660593756E-007
CZ_DOT_Z = 2.295127530851919E-007
CZ_DOT_X_DOT = -4.553753107514679E-012
CZ_DOT_Y_DOT = -3.046981128987320E-011
CZ_DOT_Z_DOT = 1.409242057105262E-010
