CCSDS_OPM_VERS = 2.0
CREATION_DATE = 2022-03-30T12:25:41.776000Z
ORIGINATOR = GMV/SSTODSW
OBJECT_NAME = UNKNOWN
OBJECT_ID = GENERIC
CENTER_NAME = EARTH
REF_FRAME = GCRF
TIME_SYSTEM = UTC
EPOCH = 2010-02-22T12:24:00.000000Z
X = 4407.02368531755
Y = -4626.29173774544
Z = -2102.37929874679
X_DOT = -2.45293887658173
Y_DOT = -4.82453616039666
Z_DOT = 5.52683949232729
MASS = 1000.00000000000
SOLAR_RAD_AREA = 10.0000000000000
SOLAR_RAD_COEFF = 0.00000000000000
DRAG_AREA = 10.0000000000000
DRAG_COEFF = 0.981686007984417
COV_REF_FRAME = GCRF
CX_X = 2.944064960118862E-002
CY_X = 3.221568079921443E-002
CY_Y = 6.281135074732028E-002
CZ_X = -2.051713011364683E-002
CZ_Y = -5.601289996134452E-002
CZ_Z = 8.615948191972432E-002
CX_DOT_X = 3.352189286620808E-005
CX_DOT_Y = 5.980303790693775E-005
CX_DOT_Z = -6.855572703677784E-005
CX_DOT_X_DOT = 8.137356559085610E-008
CY_DOT_X = -2.735403063254663E-005
CY_DOT_Y = -6.562419358557322E-005
CY_DOT_Z = 7.190683763895851E-005
CY_DOT_X_DOT = -6.214182176994588E-008
CY_DOT_Y_DOT = 8.192499923965117E-008
CZ_DOT_X = -1.424248751773719E-005
CZ_DOT_Y = -2.267803385778909E-005
CZ_DOT_Z = 3.440496647615897E-005
CZ_DOT_X_DOT = -2.080305143872537E-008
CZ_DOT_Y_DOT = 3.541415022177287E-008
CZ_DOT_Z_DOT = 2.838290594865268E-008
USER_DEFINED_CCD_CD = 1.027946227703953E-002
