CCSDS_OPM_VERS = 2.0
CREATION_DATE = 2022-03-30T11:50:49.890000Z
ORIGINATOR = GMV/SSTODSW
OBJECT_NAME = UNKNOWN
OBJECT_ID = GENERIC
CENTER_NAME = EARTH
REF_FRAME = GCRF
TIME_SYSTEM = UTC
EPOCH = 2010-01-11T01:24:00.000000Z
X = -3472.16032998271
Y = 7277.82865642259
Z = 1334.76166545098
X_DOT = 6.33379336744852
Y_DOT = 2.85238470983399
Z_DOT = 0.543030021726597
MASS = 1000.00000000000
SOLAR_RAD_AREA = 10.0000000000000
SOLAR_RAD_COEFF = 0.00000000000000
DRAG_AREA = 10.0000000000000
DRAG_COEFF = 1.00067609926128
COV_REF_FRAME = GCRF
CX_X = 0.231851518954158
CY_X = 7.782373462152041E-002
CY_Y = 3.597632431514326E-002
CZ_X = 2.941962702273964E-002
CZ_Y = 4.666014218623940E-003
CZ_Z = 1.434919142913902E-002
CX_DOT_X = 8.801992683901923E-005
CX_DOT_Y = 2.427409474988372E-005
CX_DOT_Z = 1.294040420524181E-005
CX_DOT_X_DOT = 3.682945097673096E-008
CY_DOT_X = -1.342060795639231E-004
CY_DOT_Y = -4.974534441697244E-005
CY_DOT_Z = -1.483998139001784E-005
CY_DOT_X_DOT = -4.960137410164126E-008
CY_DOT_Y_DOT = 8.332017386779310E-008
CZ_DOT_X = -5.610631181718377E-005
CZ_DOT_Y = -1.990544829407048E-005
CZ_DOT_Z = -7.273836338869689E-006
CZ_DOT_X_DOT = -1.988153389666629E-008
CZ_DOT_Y_DOT = 2.966032028483840E-008
CZ_DOT_Z_DOT = 2.242245134932434E-008
USER_DEFINED_CCD_CD = 99.9912402593569
