CCSDS_OPM_VERS = 2.0
CREATION_DATE = 2022-03-30T11:47:54.690000Z
ORIGINATOR = GMV/SSTODSW
OBJECT_NAME = UNKNOWN
OBJECT_ID = GENERIC
CENTER_NAME = EARTH
REF_FRAME = GCRF
TIME_SYSTEM = UTC
EPOCH = 2010-01-11T18:16:00.000000Z
X = -26814.7165455249
Y = 33542.9368807987
Z = 5212.51799502207
X_DOT = 2.36502667095445
Y_DOT = 1.88304685732039
Z_DOT = 0.298131663174668
MASS = 1000.00000000000
SOLAR_RAD_AREA = 10.0000000000000
SOLAR_RAD_COEFF = 0.00000000000000
DRAG_AREA = 10.0000000000000
DRAG_COEFF = 1.00000220418148
COV_REF_FRAME = GCRF
CX_X = 3.237123435597564E-002
CY_X = 2.304431106062063E-002
CY_Y = 1.870764048124757E-002
CZ_X = 5.120640816880752E-003
CZ_Y = -5.285208865900053E-003
CZ_Z = 5.665750907035907E-002
CX_DOT_X = 1.776930286249784E-006
CX_DOT_Y = 1.255062580644580E-006
CX_DOT_Z = 2.616287638445187E-007
CX_DOT_X_DOT = 9.861944349647490E-011
CY_DOT_X = -2.110053823702028E-006
CY_DOT_Y = -1.567562262690751E-006
CY_DOT_Z = -3.101868415141994E-007
CY_DOT_X_DOT = -1.151391322201551E-010
CY_DOT_Y_DOT = 1.483024869196293E-010
CZ_DOT_X = -1.438598198202250E-007
CZ_DOT_Y = -5.832934433801298E-008
CZ_DOT_Z = 9.324603270191313E-008
CZ_DOT_X_DOT = -1.375770977004431E-011
CZ_DOT_Y_DOT = -3.249611075572449E-011
CZ_DOT_Z_DOT = 2.801156212082813E-010
USER_DEFINED_CCD_CD = 99.9999999272032
