CCSDS_OPM_VERS = 2.0
CREATION_DATE = 2022-03-30T11:46:29.045000Z
ORIGINATOR = GMV/SSTODSW
OBJECT_NAME = UNKNOWN
OBJECT_ID = GENERIC
CENTER_NAME = EARTH
REF_FRAME = GCRF
TIME_SYSTEM = UTC
EPOCH = 2010-05-29T12:00:00.000000Z
X = -1360.57991544294
Y = -48352.1135066377
Z = -566.199033904958
X_DOT = 2.75919295467779
Y_DOT = 3.478405224373275E-002
Z_DOT = 2.563661589008806E-002
MASS = 1000.00000000000
SOLAR_RAD_AREA = 10.0000000000000
SOLAR_RAD_COEFF = 0.00000000000000
DRAG_AREA = 10.0000000000000
DRAG_COEFF = 0.999999993794567
COV_REF_FRAME = GCRF
CX_X = 6.364434463436441E-002
CY_X = 1.355350949072761E-003
CY_Y = 7.947867170678819E-004
CZ_X = 1.339169494415763E-003
CZ_Y = -8.007178056931327E-004
CZ_Z = 8.677348125184477E-002
CX_DOT_X = 6.391471559737605E-008
CX_DOT_Y = 4.213905148523500E-008
CX_DOT_Z = 1.291733734850514E-010
CX_DOT_X_DOT = 2.397727618862684E-012
CY_DOT_X = 3.638883706799847E-006
CY_DOT_Y = 9.148250953616960E-008
CY_DOT_Z = 1.631078324651272E-007
CY_DOT_X_DOT = 4.289372404005398E-012
CY_DOT_Y_DOT = 2.101253203077608E-010
CZ_DOT_X = 8.295328390698603E-007
CZ_DOT_Y = -6.921450731071714E-008
CZ_DOT_Z = 1.458884108703621E-007
CZ_DOT_X_DOT = -6.726169041864248E-012
CZ_DOT_Y_DOT = 4.194725997715355E-011
CZ_DOT_Z_DOT = 2.735753576660354E-010
USER_DEFINED_CCD_CD = 99.9999999999973
