CCSDS_OPM_VERS = 2.0
CREATION_DATE = 2022-03-30T11:41:01.735000Z
ORIGINATOR = GMV/SSTODSW
OBJECT_NAME = UNKNOWN
OBJECT_ID = GENERIC
CENTER_NAME = EARTH
REF_FRAME = GCRF
TIME_SYSTEM = UTC
EPOCH = 2010-01-02T02:24:00.000000Z
X = -4627.30110808912
Y = 978.999013285155
Z = 4968.52102080268
X_DOT = -5.68345766294723
Y_DOT = -0.845359992576423
Z_DOT = -5.02550490196243
MASS = 1000.00000000000
SOLAR_RAD_AREA = 10.0000000000000
SOLAR_RAD_COEFF = 0.00000000000000
DRAG_AREA = 10.0000000000000
DRAG_COEFF = 0.925614641516331
COV_REF_FRAME = GCRF
CX_X = 0.119030206467805
CY_X = 1.809928877359041E-002
CY_Y = 6.537895423945390E-002
CZ_X = 0.101344267446401
CZ_Y = 8.800854679999658E-003
CZ_Z = 0.102562703207547
CX_DOT_X = -1.148178356083017E-004
CX_DOT_Y = -1.742457503603646E-005
CX_DOT_Z = -9.871292115916774E-005
CX_DOT_X_DOT = 1.146519397905571E-007
CY_DOT_X = 2.053840721820858E-005
CY_DOT_Y = -1.569439239084615E-005
CY_DOT_Z = 2.437836514342261E-005
CY_DOT_X_DOT = -2.139440282445962E-008
CY_DOT_Y_DOT = 5.649241661568339E-008
CZ_DOT_X = 1.175849276628137E-004
CZ_DOT_Y = 2.797377038235902E-005
CZ_DOT_Z = 1.181606525656711E-004
CZ_DOT_X_DOT = -1.185993096543999E-007
CZ_DOT_Y_DOT = 1.695467656712861E-008
CZ_DOT_Z_DOT = 1.467244994699344E-007
USER_DEFINED_CCD_CD = 1.22458920108359
