CCSDS_OPM_VERS = 2.0
CREATION_DATE = 2022-06-08T10:06:30.681000Z
ORIGINATOR = GMV_AD
OBJECT_NAME = 99999
OBJECT_ID = 2000-000A
CENTER_NAME = EARTH
REF_FRAME = J2000
TIME_SYSTEM = UTC
EPOCH = 2021-08-10T05:00:00.000000Z
X = 3952.79987948358
Y = 3560.35761809892
Z = -4453.65670555274
X_DOT = 3.93220406730344
Y_DOT = 2.88053930396574
Z_DOT = 5.80453409984809
SEMI_MAJOR_AXIS = 6938.06734348499
ECCENTRICITY = 9.971622897690213E-004
INCLINATION = 92.8490204228205
RA_OF_ASC_NODE = 39.6221348179460
ARG_OF_PERICENTER = 49.4971273461822
TRUE_ANOMALY = 270.508171117719
GM = 398600.441500000
MASS = 1000.00000000000
SOLAR_RAD_AREA = 10.0000000000000
SOLAR_RAD_COEFF = 0.00000000000000
DRAG_AREA = 10.0000000000000
DRAG_COEFF = 0.00000000000000
COV_REF_FRAME = J2000
CX_X = 4.132557348615408E-003
CY_X = 2.619196966399857E-003
CY_Y = 2.548230182390821E-003
CZ_X = 4.699278120601458E-003
CZ_Y = 3.512975316962666E-003
CZ_Z = 6.346222242008516E-003
CX_DOT_X = -4.168682559643558E-006
CX_DOT_Y = -3.031773110545207E-006
CX_DOT_Z = -5.152030814858427E-006
CX_DOT_X_DOT = 4.613603715649903E-009
CY_DOT_X = -3.543417018782327E-006
CY_DOT_Y = -2.745347413203185E-006
CY_DOT_Z = -4.547311068527444E-006
CY_DOT_X_DOT = 3.699849573658182E-009
CY_DOT_Y_DOT = 3.652371585289759E-009
CZ_DOT_X = 3.578815829392602E-006
CZ_DOT_Y = 2.616691586908309E-006
CZ_DOT_Z = 5.118747168564598E-006
CZ_DOT_X_DOT = -4.035192071804621E-009
CZ_DOT_Y_DOT = -3.560297542270808E-009
CZ_DOT_Z_DOT = 4.319785354500692E-009
