CCSDS_OPM_VERS = 2.0
CREATION_DATE = 2022-02-22T15:12:15.482000Z
ORIGINATOR = GMV/SSTODSW
OBJECT_NAME = UNKNOWN
OBJECT_ID = GENERIC
CENTER_NAME = EARTH
REF_FRAME = GCRF
TIME_SYSTEM = UTC
EPOCH = 2021-08-04T05:08:50.912091Z
X = 36863.72728417959297
Y = 19791.10159429414125
Z = -1973.43341002751367
X_DOT = -1.53381676152624
Y_DOT = 2.88928003759467
Z_DOT = 0.43230120339183
MASS = 1000
SOLAR_RAD_AREA = 10.0
SOLAR_RAD_COEFF = 0.0
DRAG_AREA = 10
DRAG_COEFF = 000000
COV_REF_FRAME = GCRF
CX_X = 3.2374108723607345e-03
CY_X = -4.5973296345463641e-03
CY_Y = 8.5452092745535724e-03
CZ_X = 3.0397376804547774e-03
CZ_Y = 8.0548310734541930e-04
CZ_Z = 1.7929186120406018e-02
CX_DOT_X = 3.3550780207162800e-07
CX_DOT_Y = -5.9463561565287130e-07
CX_DOT_Z = 1.3729526848974424e-08
CX_DOT_X_DOT = 4.6635615967044397e-11
CY_DOT_X = 1.6593163018375529e-07
CY_DOT_Y = -3.6709216587539379e-07
CY_DOT_Z = -1.9053859470979738e-07
CY_DOT_X_DOT = 2.4097091328757471e-11
CY_DOT_Y_DOT = 1.7352696332387413e-11
CZ_DOT_X = -2.4170293483822783e-07
CZ_DOT_Y = 4.7852456476810791e-07
CZ_DOT_Z = 2.2953993262880734e-07
CZ_DOT_X_DOT = -1.0108000160227483e-11
CZ_DOT_Y_DOT = -2.6103292067117554e-11
CZ_DOT_Z_DOT = 1.4280111066906413e-10
USER_DEFINED_CCD_CD = 0.0