CCSDS_OPM_VERS = 2.0
CREATION_DATE = 2022-02-22T15:12:15.482000Z
ORIGINATOR = GMV/SSTODSW
OBJECT_NAME = UNKNOWN
OBJECT_ID = GENERIC
CENTER_NAME = EARTH
REF_FRAME = GCRF
TIME_SYSTEM = UTC
EPOCH = 2010-02-22T12:23:31.132281Z
X = 4471.91954533712487
Y = -4492.21527121304916
Z = -2252.38921730990160
X_DOT = -2.29403698649835
Y_DOT = -4.98773285433354
Z_DOT = 5.44890882383939
MASS = 1000
SOLAR_RAD_AREA = 10.0
SOLAR_RAD_COEFF = 0.0
DRAG_AREA = 10
DRAG_COEFF = 9.816860e-01
COV_REF_FRAME = GCRF
CX_X = 2.7742313212532409e-02
CY_X = 3.1264539785286725e-02
CY_Y = 6.6505112934231808e-02
CZ_X = -1.8060592140415027e-02
CZ_Y = -5.7203593029198585e-02
CZ_Z = 8.4164056121469003e-02
CX_DOT_X = 3.1860451412989423e-05
CX_DOT_Y = 6.2941170899359991e-05
CX_DOT_Z = -6.8585195524665572e-05
CX_DOT_X_DOT = 8.3290324317323302e-08
CY_DOT_X = -2.4290702696121722e-05
CY_DOT_Y = -6.5916833442101910e-05
CY_DOT_Z = 6.8672669853933819e-05
CY_DOT_X_DOT = -6.1198198274846409e-08
CY_DOT_Y_DOT = 7.7936883068943549e-08
CZ_DOT_X = -1.4290333770933000e-05
CZ_DOT_Y = -2.5853774677055981e-05
CZ_DOT_Z = 3.6359047785906331e-05
CZ_DOT_X_DOT = -2.3458877898278049e-08
CZ_DOT_Y_DOT = 3.6783468763688998e-08
CZ_DOT_Z_DOT = 3.0454263392893159e-08
USER_DEFINED_CCD_CD = 0.0