CCSDS_OPM_VERS = 2.0
CREATION_DATE = 2022-02-22T15:12:15.482000Z
ORIGINATOR = GMV/SSTODSW
OBJECT_NAME = UNKNOWN
OBJECT_ID = GENERIC
CENTER_NAME = EARTH
REF_FRAME = GCRF
TIME_SYSTEM = UTC
EPOCH = 2010-01-11T18:15:59.999637Z
X = -26814.71740301038153
Y = 33542.93619805802882
Z = 5212.51788692811442
X_DOT = 2.36502662308294
Y_DOT = 1.88304691720408
Z_DOT = 0.29813167248050
MASS = 1000
SOLAR_RAD_AREA = 10.0
SOLAR_RAD_COEFF = 0.0
DRAG_AREA = 10
DRAG_COEFF = 1.000002e+00
COV_REF_FRAME = GCRF
CX_X = 3.2371233156370534e-02
CY_X = 2.3044311425298395e-02
CY_Y = 1.8707641640150225e-02
CZ_X = 5.1206408533714604e-03
CZ_Y = -5.2852086450058114e-03
CZ_Z = 5.6657509111061516e-02
CX_DOT_X = 1.7769303072919310e-06
CX_DOT_Y = 1.2550626650086444e-06
CX_DOT_Z = 2.6162877823115519e-07
CX_DOT_X_DOT = 9.8619449397072986e-11
CY_DOT_X = -2.1100537383608140e-06
CY_DOT_Y = -1.5675622842097940e-06
CY_DOT_Z = -3.1018684318204822e-07
CY_DOT_X_DOT = -1.1513913334238980e-10
CY_DOT_Y_DOT = 1.4830248112504388e-10
CZ_DOT_X = -1.4385981164817369e-07
CZ_DOT_Y = -5.8329342955424129e-08
CZ_DOT_Z = 9.3246033178808748e-08
CZ_DOT_X_DOT = -1.3757709663161439e-11
CZ_DOT_Y_DOT = -3.2496111550406750e-11
CZ_DOT_Z_DOT = 2.8011562110226861e-10
USER_DEFINED_CCD_CD = 0.0