CCSDS_OPM_VERS = 2.0
CREATION_DATE = 2022-02-22T15:12:15.482000Z
ORIGINATOR = GMV/SSTODSW
OBJECT_NAME = UNKNOWN
OBJECT_ID = GENERIC
CENTER_NAME = EARTH
REF_FRAME = GCRF
TIME_SYSTEM = UTC
EPOCH = 2010-05-29T11:59:00.017436Z
X = -1526.07441712813738
Y = -48353.89369951089611
Z = -567.73319457899765
X_DOT = 2.75888817621439
Y_DOT = 0.02457360705482
Z_DOT = 0.02551689269888
MASS = 1000
SOLAR_RAD_AREA = 10.0
SOLAR_RAD_COEFF = 0.0
DRAG_AREA = 10
DRAG_COEFF = 1.000000e+00
COV_REF_FRAME = GCRF
CX_X = 6.3652980043146998e-02
CY_X = 1.1404268927089963e-03
CY_Y = 7.8630637779854610e-04
CZ_X = 1.3373643563875028e-03
CZ_Y = -8.0802908956234662e-04
CZ_Z = 8.6773326182331523e-02
CX_DOT_X = 7.6529172708580897e-08
CX_DOT_Y = 4.2187435134552218e-08
CX_DOT_Z = 6.9070955165280069e-10
CX_DOT_X_DOT = 2.4289622530376381e-12
CY_DOT_X = 3.6389153172410571e-06
CY_DOT_Y = 7.8897649162997257e-08
CY_DOT_Z = 1.6296208915660840e-07
CY_DOT_X_DOT = 5.0011290786821497e-12
CY_DOT_Y_DOT = 2.1009094155499457e-10
CZ_DOT_X = 8.2940814142902118e-07
CZ_DOT_Y = -7.2053199588532968e-08
CZ_DOT_Z = 1.4585881413232949e-07
CZ_DOT_X_DOT = -6.5719975256660743e-12
CZ_DOT_Y_DOT = 4.1967820516227032e-11
CZ_DOT_Z_DOT = 2.7357850178462660e-10
USER_DEFINED_CCD_CD = 0.0