CCSDS_OPM_VERS = 2.0
CREATION_DATE = 2022-06-13T15:42:58.315000Z
ORIGINATOR = GMV/SSTODSW
OBJECT_NAME = UNKNOWN
OBJECT_ID = GENERIC
CENTER_NAME = EARTH
REF_FRAME = GCRF
TIME_SYSTEM = UTC
EPOCH = 2020-02-01T02:24:00.000000Z
X = -39019.4696694862
Y = -15993.3329955049
Z = 87.2149397363605
X_DOT = 1.16711608295808
Y_DOT = -2.84416275670692
Z_DOT = -6.208171982969074E-003
MASS = 1000.00000000000
SOLAR_RAD_AREA = 10.0000000000000
SOLAR_RAD_COEFF = 0.00000000000000
DRAG_AREA = 10.0000000000000
DRAG_COEFF = 0.999999999937042
COV_REF_FRAME = GCRF
CX_X = 7.419599568993421E-004
CY_X = -1.480771058232866E-003
CY_Y = 3.334491993416162E-003
CZ_X = -5.240061335126975E-004
CZ_Y = -3.297981012585019E-004
CZ_Z = 5.967601596428084E-003
CX_DOT_X = 1.096505658415790E-007
CX_DOT_Y = -2.363726463748947E-007
CX_DOT_Z = -1.729822860842796E-008
CX_DOT_X_DOT = 1.728644156206036E-011
CY_DOT_X = 3.711916590863845E-008
CY_DOT_Y = -9.319688884014126E-008
CY_DOT_Z = 4.179542933560572E-008
CY_DOT_X_DOT = 6.496874565483406E-012
CY_DOT_Y_DOT = 2.881479731444413E-012
CZ_DOT_X = 4.215120965210563E-008
CZ_DOT_Y = -8.360781019335522E-008
CZ_DOT_Z = -3.894811919989127E-010
CZ_DOT_X_DOT = 3.527041518798287E-012
CZ_DOT_Y_DOT = 8.072458087529434E-013
CZ_DOT_Z_DOT = 3.183939022304700E-011
USER_DEFINED_CCD_CD = 100.000000000000
