CCSDS_OPM_VERS = 2.0
CREATION_DATE = 2022-06-16T16:28:05.159000Z
ORIGINATOR = GMV/SSTODSW
OBJECT_NAME = UNKNOWN
OBJECT_ID = GENERIC
CENTER_NAME = EARTH
REF_FRAME = GCRF
TIME_SYSTEM = UTC
EPOCH = 2020-02-01T02:24:00.000000Z
X = -39019.4612303494
Y = -15993.3533252556
Z = 87.2210703563028
X_DOT = 1.16711749932718
Y_DOT = -2.84416216324342
Z_DOT = -6.207300957266324E-003
MASS = 1000.00000000000
SOLAR_RAD_AREA = 10.0000000000000
SOLAR_RAD_COEFF = 0.00000000000000
DRAG_AREA = 10.0000000000000
DRAG_COEFF = 1.00000000009216
COV_REF_FRAME = GCRF
CX_X = 7.419608758162279E-004
CY_X = -1.480771385495323E-003
CY_Y = 3.334487878596824E-003
CZ_X = -5.240051244634887E-004
CZ_Y = -3.297981039241786E-004
CZ_Z = 5.967602350066127E-003
CX_DOT_X = 1.096505817899604E-007
CX_DOT_Y = -2.363723740148013E-007
CX_DOT_Z = -1.729813863749590E-008
CX_DOT_X_DOT = 1.728642211843106E-011
CY_DOT_X = 3.711925370584590E-008
CY_DOT_Y = -9.319694349855168E-008
CY_DOT_Z = 4.179546738359474E-008
CY_DOT_X_DOT = 6.496878608306871E-012
CY_DOT_Y_DOT = 2.881485409796231E-012
CZ_DOT_X = 4.215121655949861E-008
CZ_DOT_Y = -8.360769185060240E-008
CZ_DOT_Z = -3.894599403633206E-010
CZ_DOT_X_DOT = 3.527034921851337E-012
CZ_DOT_Y_DOT = 8.072545274857888E-013
CZ_DOT_Z_DOT = 3.183939325935185E-011
USER_DEFINED_CCD_CD = 100.000000000000
