CCSDS_OPM_VERS = 2.0
CREATION_DATE = 2022-02-22T15:12:15.482000Z
ORIGINATOR = GMV/SSTODSW
OBJECT_NAME = UNKNOWN
OBJECT_ID = GENERIC
CENTER_NAME = EARTH
REF_FRAME = GCRF
TIME_SYSTEM = UTC
EPOCH = 2010-01-02T02:23:30.294451Z
X = -4458.89608938701804
Y = 1003.17271171088612
Z = 5112.67589045575551
X_DOT = -5.84740840552057
Y_DOT = -0.80959187574319
Z_DOT = -4.84358990233834
MASS = 1000
SOLAR_RAD_AREA = 10.0
SOLAR_RAD_COEFF = 0.0
DRAG_AREA = 10
DRAG_COEFF = 9.256146e-01
COV_REF_FRAME = GCRF
CX_X = 1.2570348057627728e-01
CY_X = 1.7980553995907762e-02
CY_Y = 6.5159263349688551e-02
CZ_X = 1.0066403540990806e-01
CZ_Y = 7.6141714275536725e-03
CZ_Z = 9.6109119988840086e-02
CX_DOT_X = -1.1394523026193443e-04
CX_DOT_Y = -1.5910632438101751e-05
CX_DOT_Z = -9.1153065846710842e-05
CX_DOT_X_DOT = 1.0685909603129241e-07
CY_DOT_X = 2.1841700274843754e-05
CY_DOT_Y = -1.5744325502665227e-05
CY_DOT_Z = 2.4199688033065481e-05
CY_DOT_X_DOT = -2.1096791747996154e-08
CY_DOT_Y_DOT = 5.6726753634950548e-08
CZ_DOT_X = 1.2518267585912371e-04
CZ_DOT_Y = 2.7732760464046458e-05
CZ_DOT_Z = 1.1733798033112293e-04
CZ_DOT_X_DOT = -1.1723381725744266e-07
CZ_DOT_Y_DOT = 1.8286233736944082e-08
CZ_DOT_Z_DOT = 1.5428300620993196e-07
USER_DEFINED_CCD_CD = 0.0