CCSDS_OPM_VERS = 2.0
CREATION_DATE = 2022-06-16T16:33:06.277000Z
ORIGINATOR = GMV/SSTODSW
OBJECT_NAME = UNKNOWN
OBJECT_ID = GENERIC
CENTER_NAME = EARTH
REF_FRAME = GCRF
TIME_SYSTEM = UTC
EPOCH = 2020-02-01T02:24:00.000000Z
X = 6434.83424501113
Y = 74.9152454463016
Z = -3968.36831277468
X_DOT = 3.79917380636038
Y_DOT = 0.352775101331344
Z_DOT = 6.17294650454014
MASS = 1000.00000000000
SOLAR_RAD_AREA = 10.0000000000000
SOLAR_RAD_COEFF = 0.00000000000000
DRAG_AREA = 10.0000000000000
DRAG_COEFF = 2.67749074990724
COV_REF_FRAME = GCRF
CX_X = 1.299912683470092E-003
CY_X = 8.986458495616546E-005
CY_Y = 1.731633090564883E-004
CZ_X = 1.169773455125183E-003
CZ_Y = 8.300161190849812E-005
CZ_Z = 1.182102475991082E-003
CX_DOT_X = -1.377814801752631E-006
CX_DOT_Y = -1.018064794708580E-007
CX_DOT_Z = -1.303739686305350E-006
CX_DOT_X_DOT = 1.517620161615032E-009
CY_DOT_X = -4.962827434785722E-008
CY_DOT_Y = -2.517720298295707E-008
CY_DOT_Z = -4.520615084185069E-008
CY_DOT_X_DOT = 4.844771388744326E-011
CY_DOT_Y_DOT = 1.716404168779044E-010
CZ_DOT_X = 2.916899913341204E-007
CZ_DOT_Y = 2.480576926913854E-008
CZ_DOT_Z = 3.773234328166393E-007
CZ_DOT_X_DOT = -3.808656072991833E-010
CZ_DOT_Y_DOT = -1.835870146956693E-011
CZ_DOT_Z_DOT = 1.766596798977964E-010
USER_DEFINED_CCD_CD = 46.4271267478722
