CCSDS_OPM_VERS = 2.0
CREATION_DATE = 2022-06-16T16:13:13.856000Z
ORIGINATOR = GMV/SSTODSW
OBJECT_NAME = UNKNOWN
OBJECT_ID = GENERIC
CENTER_NAME = EARTH
REF_FRAME = GCRF
TIME_SYSTEM = UTC
EPOCH = 2020-02-02T02:24:00.000000Z
X = 4541.96379342328
Y = 119.420519388163
Z = -5209.01968440549
X_DOT = -2.49849199426424
Y_DOT = 6.87204560760972
Z_DOT = -2.02718082669362
MASS = 1000.00000000000
SOLAR_RAD_AREA = 10.0000000000000
SOLAR_RAD_COEFF = 0.00000000000000
DRAG_AREA = 10.0000000000000
DRAG_COEFF = 4.06453408338802
COV_REF_FRAME = GCRF
CX_X = 8.638998058745689E-004
CY_X = -1.811302529661443E-003
CY_Y = 4.602705435979195E-003
CZ_X = 4.674327677959078E-004
CZ_Y = -9.968073987066809E-004
CZ_Z = 3.425282884663153E-004
CX_DOT_X = 1.160064372543809E-006
CX_DOT_Y = -2.954258606103526E-006
CX_DOT_Z = 6.211008522686908E-007
CX_DOT_X_DOT = 2.076825656086182E-009
CY_DOT_X = -1.802136905448622E-007
CY_DOT_Y = 2.716149217066886E-007
CY_DOT_Z = -3.927253182847808E-008
CY_DOT_X_DOT = -9.026843326424470E-011
CY_DOT_Y_DOT = 1.442234923799146E-010
CZ_DOT_X = -1.287717154111221E-006
CZ_DOT_Y = 3.095916402517186E-006
CZ_DOT_Z = -7.719838056518681E-007
CZ_DOT_X_DOT = -1.875798244111843E-009
CZ_DOT_Y_DOT = 2.532757379660520E-010
CZ_DOT_Z_DOT = 2.315271754475692E-009
USER_DEFINED_CCD_CD = 6.428231175098530E-003
