CCSDS_OPM_VERS = 2.0
CREATION_DATE = 2022-06-10T08:59:24.087000Z
ORIGINATOR = GMV/SSTODSW
OBJECT_NAME = UNKNOWN
OBJECT_ID = GENERIC
CENTER_NAME = EARTH
REF_FRAME = GCRF
TIME_SYSTEM = UTC
EPOCH = 2020-01-31T02:24:00.000000Z
X = -3020.97135152827
Y = -353.287974482756
Z = -6917.25187890662
X_DOT = 6.64777204493362
Y_DOT = 0.120224444232783
Z_DOT = -2.91763655641192
MASS = 1000.00000000000
SOLAR_RAD_AREA = 10.0000000000000
SOLAR_RAD_COEFF = 0.00000000000000
DRAG_AREA = 10.0000000000000
DRAG_COEFF = 3.23858883477588
COV_REF_FRAME = GCRF
CX_X = 3.767988093348824E-003
CY_X = 1.177470629582636E-004
CY_Y = 3.501460325007464E-004
CZ_X = -1.278999559700575E-003
CZ_Y = -5.503988526152745E-005
CZ_Z = 5.079920324616155E-004
CX_DOT_X = 1.490081464685257E-006
CX_DOT_Y = 5.031308095791681E-008
CX_DOT_Z = -4.638480304144135E-007
CX_DOT_X_DOT = 6.222133186364413E-010
CY_DOT_X = 1.846509513927442E-007
CY_DOT_Y = 2.182765572029000E-008
CY_DOT_Z = -6.547729626837252E-008
CY_DOT_X_DOT = 6.335114932766155E-011
CY_DOT_Y_DOT = 2.547077408341452E-010
CZ_DOT_X = 2.596855987757754E-006
CZ_DOT_Y = 8.449863857682284E-008
CZ_DOT_Z = -9.470330690501108E-007
CZ_DOT_X_DOT = 1.009553709818459E-009
CZ_DOT_Y_DOT = 1.196633460317317E-010
CZ_DOT_Z_DOT = 1.895702226218521E-009
