CCSDS_OPM_VERS = 2.0
CREATION_DATE = 2022-06-16T16:22:32.105000Z
ORIGINATOR = GMV/SSTODSW
OBJECT_NAME = UNKNOWN
OBJECT_ID = GENERIC
CENTER_NAME = EARTH
REF_FRAME = GCRF
TIME_SYSTEM = UTC
EPOCH = 2020-02-01T02:24:00.000000Z
X = 4617.14596234882
Y = -4798.47072921951
Z = -1825.65950391025
X_DOT = 2.32865576931668
Y_DOT = 4.40466909029297
Z_DOT = -5.73372389562673
MASS = 1000.00000000000
SOLAR_RAD_AREA = 10.0000000000000
SOLAR_RAD_COEFF = 0.00000000000000
DRAG_AREA = 10.0000000000000
DRAG_COEFF = 4.05020018144650
COV_REF_FRAME = GCRF
CX_X = 1.552103325761837E-004
CY_X = 2.466221132432302E-004
CY_Y = 1.701493276661804E-003
CZ_X = -2.205716149413114E-004
CZ_Y = -1.402893956326629E-003
CZ_Z = 1.361911481059050E-003
CX_DOT_X = -2.517773789412080E-007
CX_DOT_Y = -1.136083411212404E-006
CX_DOT_Z = 1.034489876307784E-006
CX_DOT_X_DOT = 9.123163264045102E-010
CY_DOT_X = 2.338572164062831E-007
CY_DOT_Y = 1.816650598254225E-006
CY_DOT_Z = -1.584439055936380E-006
CY_DOT_X_DOT = -1.215851161409508E-009
CY_DOT_Y_DOT = 2.018339813477020E-009
CZ_DOT_X = 6.527900238218438E-008
CZ_DOT_Y = -6.360524854303849E-009
CZ_DOT_Z = -1.187698982616017E-007
CZ_DOT_X_DOT = -5.962618241340645E-011
CZ_DOT_Y_DOT = 5.767617464924327E-011
CZ_DOT_Z_DOT = 1.373167146707389E-010
USER_DEFINED_CCD_CD = 3.194028719974957E-003
