CCSDS_OPM_VERS = 2.0
CREATION_DATE = 2022-06-16T16:48:12.312000Z
ORIGINATOR = GMV/SSTODSW
OBJECT_NAME = UNKNOWN
OBJECT_ID = GENERIC
CENTER_NAME = EARTH
REF_FRAME = GCRF
TIME_SYSTEM = UTC
EPOCH = 2020-02-01T02:24:00.000000Z
X = 3635.98646201804
Y = -13982.8470552933
Z = -18.4067813721593
X_DOT = 5.08315523861676
Y_DOT = 1.32244075430437
Z_DOT = -9.410241457731963E-003
MASS = 1000.00000000000
SOLAR_RAD_AREA = 10.0000000000000
SOLAR_RAD_COEFF = 0.00000000000000
DRAG_AREA = 10.0000000000000
DRAG_COEFF = 0.996391845011702
COV_REF_FRAME = GCRF
CX_X = 2.073892320379106E-003
CY_X = 4.969180452192321E-004
CY_Y = 2.461946086045046E-004
CZ_X = 1.102099297057233E-004
CZ_Y = -2.489633758786509E-004
CZ_Z = 7.852729941120398E-004
CX_DOT_X = -1.830599639923862E-007
CX_DOT_Y = -3.180640824099912E-009
CX_DOT_Z = -9.795971965391302E-008
CX_DOT_X_DOT = 2.989311928626308E-011
CY_DOT_X = 6.341774171865843E-007
CY_DOT_Y = 1.726261005681511E-007
CY_DOT_Z = -1.039855047010915E-008
CY_DOT_X_DOT = -5.196205821594396E-011
CY_DOT_Y_DOT = 2.067461600648467E-010
CZ_DOT_X = 2.404574430316903E-007
CZ_DOT_Y = 6.197708945945685E-008
CZ_DOT_Z = 1.273445544796986E-009
CZ_DOT_X_DOT = -1.360141019143104E-011
CZ_DOT_Y_DOT = 5.178115343927179E-011
CZ_DOT_Z_DOT = 1.054990614297389E-010
USER_DEFINED_CCD_CD = 99.9999133782082
