CCSDS_OPM_VERS = 2.0
CREATION_DATE = 2022-02-22T15:12:15.482000Z
ORIGINATOR = GMV/SSTODSW
OBJECT_NAME = UNKNOWN
OBJECT_ID = GENERIC
CENTER_NAME = EARTH
REF_FRAME = GCRF
TIME_SYSTEM = UTC
EPOCH = 2021-08-10T04:59:60.000000Z
X = 3952.79988215462072
Y = 3560.35762005617244
Z = -4453.65670162211609
X_DOT = 3.93220406410220
Y_DOT = 2.88053930108154
Z_DOT = 5.80453410344915
MASS = 1000
SOLAR_RAD_AREA = 10.0
SOLAR_RAD_COEFF = 0.0
DRAG_AREA = 10
DRAG_COEFF = 000000
COV_REF_FRAME = GCRF
CX_X = 4.1325573434530596e-03
CY_X = 2.6191969621220030e-03
CY_Y = 2.5482301788820089e-03
CZ_X = 4.6992781207056506e-03
CZ_Y = 3.5129753164895167e-03
CZ_Z = 6.3462222506796779e-03
CX_DOT_X = -4.1686825589897860e-06
CX_DOT_Y = -3.0317731095526069e-06
CX_DOT_Z = -5.1520308217493292e-06
CX_DOT_X_DOT = 4.6136037205219211e-09
CY_DOT_X = -3.5434170178273153e-06
CY_DOT_Y = -2.7453474120494382e-06
CY_DOT_Z = -4.5473110740674109e-06
CY_DOT_X_DOT = 3.6998495775556643e-09
CY_DOT_Y_DOT = 3.6523715883767115e-09
CZ_DOT_X = 3.5788158225247136e-06
CZ_DOT_Y = 2.6166915813376097e-06
CZ_DOT_Z = 5.1187471667570781e-06
CZ_DOT_X_DOT = -4.0351920700227102e-09
CZ_DOT_Y_DOT = -3.5602975403284565e-09
CZ_DOT_Z_DOT = 4.3197853465417218e-09
USER_DEFINED_CCD_CD = 0.0